MADNESS MRA-PNO INFORMATION
pairinfo=0,1,2,3,4,5,6,7,8,7.7,4.4,5.5,8.8,3.3,2.2,6.6
nuclear_repulsion=42.2728
occinfo=-11.1769,-11.1769,-0.650731,-0.650731,-0.650747,-0.650731,-0.696104,-0.650747,-0.650731,0.00688141,0.00688141,0.00688125,0.00688125,0.00688125,0.00688125,0.00626521