MADNESS MRA-PNO INFORMATION
pairinfo=0,1,2,3,4,1.1,3.3,2.2,4.4
nuclear_repulsion=13.4429
occinfo=-11.1726,-0.65269,-0.65269,-0.65269,-0.65269,0.00680246,0.00680246,0.00680246,0.00680246